%YAML:1.0
warpMat: !!opencv-matrix
   rows: 3
   cols: 3
   dt: d
   data: [ 4.8068922794592195e-001, 3.2402171668663049e-001,
       1.5301162426172192e+002, -3.1239275090997604e-001,
       1.0136726926173147e+000, 6.1493780967166110e+001,
       -4.6835223201848375e-004, 8.0927802071064487e-004, 1. ]
scale: 6.1727911233901978e-001
