%YAML:1.0
cam1_sample: [ 1.11884844e+000, -6.45489469e-002, 1.42315066e+000,
    6.76227033e-001, -9.09832776e-001, -6.45489469e-002,
    -1.16802859e+000, 7.10038424e-001 ]
cam2_sample: [ 1.11884844e+000, -6.14751875e-002, 1.72437894e+000,
    6.73153281e-001, -9.09832776e-001, -6.45489469e-002,
    -8.72947693e-001, 7.12599874e-001 ]
camera1: [ 8.3663444966077805e-003, -2.7849740982055664e+000,
    3.1254286766052246e+000 ]
camera2: [ -1.0346153974533081e+000, -2.7101078033447266e+000,
    3.0592162609100342e+000 ]
