%YAML:1.0
camera1_warpMat: !!opencv-matrix
   rows: 3
   cols: 3
   dt: d
   data: [ 6.8504643284145894e-001, 3.8552878396751633e-001,
       1.0925839233398466e+002, -3.2754877780346504e-002,
       1.1702969808283210e+000, 2.4631668090820426e+001,
       -2.0061640818367862e-005, 9.6015509385035367e-004, 1. ]
camera2_warpMat: !!opencv-matrix
   rows: 3
   cols: 3
   dt: d
   data: [ 4.8068922794592195e-001, 3.2402171668663049e-001,
       1.5301162426172192e+002, -3.1239275090997604e-001,
       1.0136726926173147e+000, 6.1493780967166110e+001,
       -4.6835223201848375e-004, 8.0927802071064487e-004, 1. ]
scale_factor: 6.1727911233901978e-003
camera1_position: [ 6.2903757207095623e-003, -2.7633428573608398e+000,
    3.0743474960327148e+000 ]
camera2_position: [ -1.0313723087310791e+000, -2.7321510314941406e+000,
    3.0531225204467773e+000 ]
