%YAML:1.0
warpMat: !!opencv-matrix
   rows: 3
   cols: 3
   dt: d
   data: [ 4.2710013155305140e-003, 1.7264901649198040e-004,
       -1.6344158764108627e+000, 2.1188330912107911e-004,
       -5.7616999770965628e-003, 1.3323451377744351e+000,
       -3.2219590958922854e-005, 9.4899608262438294e-004, 1. ]
