%YAML:1.0
camera1_warpMat: !!opencv-matrix
   rows: 3
   cols: 3
   dt: d
   data: [ 4.3010234618188732e-003, 1.8186145749141862e-004,
       -1.6548524354314020e+000, 1.9987021389501682e-004,
       -5.8241582352817735e-003, 1.3484062948478754e+000,
       -1.5499216319468830e-005, 9.5821788609480661e-004, 1. ]
camera2_warpMat: !!opencv-matrix
   rows: 3
   cols: 3
   dt: d
   data: [ 4.1771295678964130e-003, -3.6875915791099919e-004,
       -1.8606434871145330e+000, 6.5482463940623947e-004,
       -5.3690843296243830e-003, 1.2386937055046656e+000,
       -2.8214031327838403e-004, 9.0004770385541770e-004, 1. ]
camera1_position: [ 1.1241073720157146e-002, -2.8296716213226318e+000,
    3.0649859905242920e+000 ]
camera2_position: [ -1.0143028497695923e+000, -2.8186080455780029e+000,
    3.0496063232421875e+000 ]
