function A = order4constraint(t1,t2)
A = [1 1 1 1 1 1 0 0 0 0 0 0;
    0 0 0 0 0 0  1 0 0 0 0 0;
    0 [1 2 3 4 5]/t1 0 -1/t2 0 0 0 0;
    0 0 [2 6 12 20]/t1^2 0 0 -2/t2^2 0 0 0;
    0 0 0 [6 24 60]/t1^3 0 0 0 -6/t2^3 0 0;
    0 0 0 0 [24 120]/t1^4 0 0 0 0 -24/t2^4 0];
end