%YAML:1.0
warpMat: !!opencv-matrix
   rows: 3
   cols: 3
   dt: d
   data: [ 4.2968098907159320e-003, 1.7541951274490991e-004,
       -1.6523717504521320e+000, 2.0888791080008622e-004,
       -5.8237387175211954e-003, 1.3427743583780267e+000,
       -2.0692750321795253e-005, 9.5808540930679810e-004, 1. ]
