function A = order6constraint(t1,t2)
A = [1 1 1 1 1 1 1 1 0 0 0 0 0 0 0 0;
    0 0 0 0 0 0 0 0 1 0 0 0 0 0 0 0;
    0 [1 2 3 4 5 6 7]/t1 0 -1/t2 0 0 0 0 0 0;
    0 0 [2 6 12 20 30 42]/t1^2 0 0 -2/t2^2 0 0 0 0 0;
    0 0 0 [6 24 60 120 210]/t1^3 0 0 0 -6/t2^3 0 0 0 0;
    0 0 0 0 [24 120 360 840]/t1^4 0 0 0 0 -24/t2^4 0 0 0;
    0 0 0 0 0 [120 720 2520]/t1^5 0 0 0 0 0 -120/t2^5 0 0;
    0 0 0 0 0 0 [720 5040]/t1^6 0 0 0 0 0 0 -720/t2^6 0];
end