%YAML:1.0
warpMat: !!opencv-matrix
   rows: 3
   cols: 3
   dt: d
   data: [ 4.1252176300894360e-003, -3.9249664178830538e-004,
       -1.8390472908373079e+000, 6.4747940935364447e-004,
       -5.2943000719832154e-003, 1.2156608962037188e+000,
       -2.7777345356451834e-004, 8.6233383907157173e-004, 1. ]
