%YAML:1.0
camera1_warpMat: !!opencv-matrix
   rows: 3
   cols: 3
   dt: d
   data: [ 4.2710013155305140e-003, 1.7264901649198040e-004,
       -1.6344158764108627e+000, 2.1188330912107911e-004,
       -5.7616999770965628e-003, 1.3323451377744351e+000,
       -3.2219590958922854e-005, 9.4899608262438294e-004, 1. ]
camera2_warpMat: !!opencv-matrix
   rows: 3
   cols: 3
   dt: d
   data: [ 4.1252176300894360e-003, -3.9249664178830538e-004,
       -1.8390472908373079e+000, 6.4747940935364447e-004,
       -5.2943000719832154e-003, 1.2156608962037188e+000,
       -2.7777345356451834e-004, 8.6233383907157173e-004, 1. ]
camera1_position: [ -3.3788850996643305e-003, -2.5502545833587646e+000,
    2.8164665699005127e+000 ]
camera2_position: [ -9.5419180393218994e-001, -2.6169686317443848e+000,
    2.8825592994689941e+000 ]
