%YAML:1.0
warpMat: !!opencv-matrix
   rows: 3
   cols: 3
   dt: d
   data: [ 6.8504643284145894e-001, 3.8552878396751633e-001,
       1.0925839233398466e+002, -3.2754877780346504e-002,
       1.1702969808283210e+000, 2.4631668090820426e+001,
       -2.0061640818367862e-005, 9.6015509385035367e-004, 1. ]
scale: 6.1727911233901978e-001
